21
12
48
56
51
56
57
3
14
60
40
66
48
68
68
14
1
2
4
10
16
54
74
68
77
70
83
71
74
79
1
2
3
24
32
62
54
83
72
72
81
81
72
43
1
4
4
8
20
47
59
63
64
71
73
76
80
79
34
1
4
4
22
34
52
83
72
76
74
88
68
70
35
1
2
2
4
7
16
40
79
73
71
85
79
73
78
59
6
1
2
2
4
15
24
40
72
24
56
32
79
72
80
79
81
16
3
1
2
2
4
8
22
49
71
80
72
87
71
81
79
48
1
2
2
4
8
16
40
51
54
74
53
67
62
37
5
1
2
2
4
8
22
48
53
53
84
57
73
61
63
1
1
1
2
2
4
8
8
8
32
64
80
80
66
84
73
80
76
44
2
1
2
2
4
8
16
39
70
88
72
80
79
79
75
68
1
2
2
12
16
32
55
73
80
79
80
65
88
77
19
2
1
2
2
4
15
33
47
79
72
80
80
80
80
80
16
91
53
57
74
10
64
56
6
1
2
2
4
8
16
39
80
73
62
79
80
71
72
87
7
1
2
2
11
8
24
56
72
80
80
78
81
79
73
6
24
5
1
2
2
11
17
32
56
80
79
81
72
80
79
57
6
24
3
1
2
2
12
16
32
63
64
73
72
80
72
72
87
9
24
1
1
2
2
4
8
16
37
79
57
78
80
74
72
80
80
7
1
2
2
12
16
32
71
59
86
81
71
72
80
80
16
2
