2
3
4
6
9
13
17
22
25
23
31
39
40
65
77
91
96
118
71
146
205
214
213
229
263
224
251
252
215
254
254
238
200
115
190
182
226
219
240
242
244
239
241
242
243
238
244
241
243
242
237
245
242
233
236
218
184
192
186
203
199
213
190
201
199
196
210
145
212
211
208
207
211
205
201
46
209
203
197
218
200
201
205
207
216
208
201
212
191
192
155
204
204
212
192
159
194
220
207
202
195
217
212
201
217
167
214
201
211
220
208
209
193
215
216
213
204
206
208
217
218
206
202
215
208
202
201
220
202
220
217
185
216
216
213
206
196
202
179
163
192
145
170
144
169
160
162
172
160
147
167
176
176
166
167
163
144
97
93
94
88
106
114
132
132
132
94
130
128
130
125
123
131
117
125
129
132
119
115
118
132
132
132
127
129
118
90
131
126
115
132
119
118
123
127
129
80
52
132
132
132
132
132
132
132
132
108
117
129
125
123
128
125
124
124
129
132
132
120
127
117
124
128
132
132
132
132
132
132
132
125
108
113
131
112
121
121
104
122
131
132
132
132
132
132
132
132
132
106
80
104
79
110
70
111
132
132
132
123
106
109
108
127
131
132
132
121
128
124
118
125
120
109
123
97
124
131
132
132
132
103
117
132
130
118
123
120
125
132
91
129
132
132
132
132
132
132
