10
19
27
30
24
25
25
24
9
25
24
24
17
18
17
18
20
20
20
22
18
8
14
3
7
14
6
15
16
6
15
14
16
19
13
10
11
7
7
11
10
10
10
11
3
11
7
7
9
9
9
8
9
10
9
11
11
12
13
13
9
8
9
10
8
7
7
8
9
6
6
5
6
7
8
7
5
6
5
5
4
6
4
4
5
5
5
5
5
6
5
5
6
5
6
6
4
1
4
3
2
2
2
4
3
4
5
4
6
6
6
5
5
2
4
5
5
6
6
5
6
7
7
8
8
9
10
9
7
7
7
4
4
5
6
6
6
6
6
8
8
9
9
10
10
10
12
8
13
7
9
9
8
10
10
11
13
10
11
9
10
9
7
8
5
4
4
3
4
5
5
5
5
6
3
3
4
5
5
6
6
6
6
6
7
6
8
8
7
7
7
8
7
8
7
8
7
7
2
4
4
3
7
4
5
7
4
5
4
5
5
6
6
6
6
7
7
8
7
7
11
11
8
7
8
8
9
4
5
5
6
4
5
4
5
4
4
3
9
5
8
6
2
5
6
8
7
9
8
7
8
9
5
6
5
5
6
6
6
6
6
5
7
3
12
10
9
3
4
7
8
7
8
9
8
8
8
11
11
12
12
14
13
8
5
14
12
14
3
8
10
10
11
11
11
12
14
11
9
9
9
9
2
10
7
14
8
10
12
11
13
13
12
12
14
13
11
12
9
9
7
9
10
7
7
6
4
5
6
6
5
5
4
5
5
6
6
6
6
6
7
7
9
9
6
10
10
8
7
8
8
13
9
9
7
7
8
8
8
8
8
8
9
5
5
7
6
10
9
7
7
5
6
6
5
6
7
5
7
8
7
7
9
8
8
6
6
6
2
4
3
4
5
7
5
6
6
7
6
6
6
6
6
8
6
4
6
6
6
6
7
6
7
8
7
7
7
7
6
8
7
9
8
7
9
10
11
10
12
11
12
11
10
13
13
9
8
7
11
8
8
8
4
6
8
6
6
8
8
7
1
5
7
3
5
7
5
6
6
8
8
8
8
7
5
6
6
6
7
6
8
8
9
8
9
8
10
10
15
8
8
8
10
10
10
10
7
6
7
16
8
8
9
7
8
7
6
7
7
8
9
7
9
8
3
9
6
8
8
8
9
9
8
10
8
7
2
5
7
5
6
4
4
5
5
5
4
4
6
4
4
2
4
5
5
5
4
4
5
6
7
7
8
7
8
9
9
10
11
10
11
12
13
12
13
12
13
15
14
7
12
12
16
17
15
12
11
14
13
14
13
14
13
14
16
15
16
15
16
9
13
12
2
14
13
11
10
11
9
10
2
12
12
13
14
12
13
14
16
15
18
15
11
11
11
12
10
9
10
9
11
11
7
9
8
8
7
4
7
8
4
6
8
13
7
14
9
10
6
11
2
4
5
6
6
5
5
6
4
6
2
2
4
5
3
2
1
3
4
3
4
5
4
4
6
2
5
6
6
7
8
4
11
7
7
6
8
12
8
8
9
9
9
8
6
6
5
4
4
6
4
6
6
6
6
9
6
7
6
6
6
9
8
8
8
8
8
10
8
10
10
10
8
8
8
8
8
10
8
8
9
7
10
10
10
11
10
10
18
4
7
8
6
9
4
5
4
5
8
5
6
4
4
2
4
4
3
5
6
6
7
6
10
6
6
4
5
4
6
4
3
4
1
3
3
2
2
2
4
3
4
3
2
3
2
1
3
2
2
3
3
4
4
4
4
5
3
4
3
4
5
6
6
6
6
7
6
7
5
5
5
5
4
4
2
3
3
4
3
4
3
4
4
4
4
4
5
3
3
6
4
5
5
4
5
4
5
3
4
5
7
6
6
7
6
8
5
5
5
4
4
3
4
3
4
5
7
12
5
7
7
7
7
8
9
10
10
11
10
12
11
13
13
12
13
14
15
1
24
5
11
11
9
12
9
6
9
9
9
11
10
10
9
10
12
9
9
9
9
11
8
7
7
8
7
5
6
6
2
4
5
6
6
6
6
7
7
7
