6
18
9
18
22
23
19
21
22
22
23
17
17
19
18
20
19
11
1
2
1
3
6
11
13
16
16
15
15
16
18
18
17
18
28
25
20
36
25
23
15
12
23
27
27
27
26
28
27
26
27
30
8
25
28
29
27
25
28
1
2
2
4
8
15
20
23
24
23
27
28
28
19
25
22
1
2
1
4
5
11
15
15
15
19
18
18
16
15
18
14
18
19
19
16
17
19
18
3
1
2
2
11
16
15
16
15
15
11
12
13
13
12
13
14
14
14
15
21
12
3
1
2
5
6
12
10
12
11
12
13
15
16
15
15
10
19
18
10
3
8
17
17
17
20
20
20
21
20
26
20
15
15
15
12
14
12
13
15
13
11
15
11
11
13
11
9
18
16
14
15
14
11
14
15
15
19
17
11
2
1
2
2
3
7
14
12
13
14
15
16
9
14
10
13
12
11
14
14
15
12
16
14
14
13
9
10
13
11
12
13
14
9
9
9
10
9
11
12
11
19
12
14
11
14
12
15
12
14
14
14
16
15
15
16
17
18
20
17
19
24
20
18
14
13
15
16
14
11
12
13
9
13
11
15
13
11
20
13
14
9
11
9
11
13
13
11
15
16
11
1
2
2
4
6
12
11
11
12
8
14
11
8
8
7
18
11
13
11
14
12
13
16
15
12
17
15
15
14
11
12
18
11
14
16
14
15
16
17
16
16
14
20
14
18
16
18
17
20
17
18
20
17
26
18
17
20
21
20
12
17
15
11
12
12
12
12
13
14
12
13
12
15
19
17
20
15
17
17
9
1
2
4
14
9
1
13
14
15
18
16
16
18
19
22
27
23
24
25
26
26
27
35
33
30
15
35
23
15
40
43
41
26
1
1
2
2
3
7
9
17
21
18
18
21
21
24
17
21
5
1
2
39
69
77
84
84
90
30
1
2
2
3
7
12
29
54
66
66
70
79
85
81
86
36
2
1
2
2
3
7
14
26
54
69
47
48
50
41
34
34
20
22
24
24
18
1
2
2
3
8
14
17
21
19
24
34
26
24
