8
20
35
70
83
84
94
96
97
93
98
72
115
97
94
96
98
90
97
95
98
82
100
103
100
96
88
36
95
98
94
95
87
105
94
96
93
96
96
69
126
78
97
101
100
90
101
95
76
110
102
86
105
94
98
91
101
95
92
91
101
95
91
101
86
104
96
96
96
93
97
95
96
95
93
89
106
96
85
104
97
84
106
98
94
98
96
93
97
94
90
103
88
101
92
99
97
94
98
95
95
94
98
93
97
95
94
99
95
94
96
97
92
97
97
94
98
91
99
96
95
95
96
90
99
97
95
93
100
95
89
101
97
96
94
88
102
98
97
91
97
88
44
44
77
56
55
82
52
53
84
82
38
70
62
81
72
38
91
65
24
99
66
74
61
88
86
88
96
64
112
91
99
97
89
103
94
97
91
92
103
93
94
100
94
98
94
95
97
95
96
97
88
101
96
91
100
92
99
94
95
98
88
101
96
95
97
94
96
93
99
90
101
95
93
96
96
94
98
97
91
100
93
96
95
97
92
100
94
94
98
93
98
96
95
98
80
107
93
95
92
98
98
95
92
93
97
97
96
98
76
76
92
102
94
95
97
98
91
99
94
96
97
93
97
94
98
95
95
94
98
94
96
98
93
92
99
98
96
92
99
96
94
96
92
99
87
102
97
92
97
94
93
103
93
94
97
95
96
91
102
88
92
105
96
93
98
94
87
107
90
95
100
97
94
96
94
92
102
88
100
95
98
93
93
100
94
95
97
96
93
100
95
94
93
97
98
93
93
93
99
97
96
95
97
94
97
93
95
98
97
95
91
96
