3
38
43
71
86
84
174
166
169
150
195
165
109
135
130
182
162
168
172
169
156
161
182
123
150
177
168
166
178
158
138
191
159
172
172
169
161
173
153
148
184
158
170
174
169
164
161
159
163
143
163
180
181
159
181
159
166
173
142
126
177
180
172
173
163
172
163
167
137
147
187
170
162
174
161
172
169
145
149
79
139
166
169
166
168
171
145
131
158
176
91
98
94
174
147
106
144
172
143
74
187
101
73
168
146
150
164
5
108
69
11
171
167
161
158
156
122
138
171
165
167
171
166
160
155
147
168
170
169
167
167
169
166
155
155
155
172
165
170
166
168
167
163
154
168
163
161
176
161
169
162
173
165
154
166
162
167
168
165
169
168
169
161
113
137
169
161
173
164
110
165
162
159
169
166
157
177
163
166
134
191
169
162
166
167
167
164
167
169
170
143
146
115
189
167
166
95
132
166
165
160
166
146
141
163
163
162
170
149
157
167
173
161
169
168
105
89
166
168
162
165
168
166
170
168
168
168
167
163
166
165
163
177
158
175
167
169
161
164
174
164
169
170
169
154
181
166
160
167
163
173
161
173
167
168
158
175
133
150
141
169
170
163
159
181
161
165
162
162
178
166
166
171
164
170
158
169
167
164
168
159
174
162
178
162
163
163
166
172
164
170
165
166
165
165
164
128
209
166
170
166
167
165
169
161
167
156
177
168
168
168
159
177
167
156
166
166
39
155
171
168
165
167
165
162
110
136
161
170
169
166
173
161
167
136
109
148
177
164
167
178
167
161
164
167
166
171
162
172
60
166
168
161
164
170
169
164
170
159
176
160
172
162
166
77
75
171
169
167
166
166
53
149
163
162
175
134
193
143
5
166
192
141
167
48
120
166
166
173
156
170
167
165
170
156
147
13
150
179
160
166
172
141
8
154
180
169
168
149
170
173
165
158
180
137
37
121
80
128
155
109
155
132
153
158
157
151
156
173
165
172
156
168
170
163
165
168
159
159
172
168
169
167
171
158
166
169
162
169
160
173
169
166
172
154
169
156
170
167
177
169
165
164
174
160
169
165
165
169
166
169
167
168
162
160
173
154
177
160
147
138
