9
9
4
12
21
15
16
17
18
13
14
15
13
17
15
16
14
19
13
17
17
16
15
18
12
18
16
15
16
18
17
17
18
2
14
13
13
11
15
12
5
13
14
14
14
11
15
15
15
14
13
10
15
15
12
12
14
11
14
15
14
14
12
14
14
15
14
14
16
14
15
15
12
14
15
15
15
13
13
14
13
15
16
9
1
1
3
4
3
3
11
11
13
5
8
5
7
5
7
4
4
3
11
7
3
3
12
7
12
10
13
11
12
9
12
11
13
14
13
14
13
13
14
11
13
7
5
11
9
6
5
7
11
8
7
5
7
5
5
6
8
5
6
6
10
7
11
8
11
9
12
8
6
12
8
12
8
5
5
9
10
7
5
9
9
4
6
5
11
10
6
12
12
9
8
11
6
7
4
8
6
4
13
11
11
5
11
10
9
11
11
11
11
5
11
8
5
4
11
14
11
12
7
11
5
5
13
11
6
10
9
10
11
10
10
9
10
7
13
11
10
5
11
8
5
12
9
5
9
9
9
4
11
11
11
11
9
10
14
5
14
10
16
11
16
15
11
11
15
11
16
11
10
17
17
17
17
17
13
17
17
6
17
17
17
23
20
29
29
29
35
35
29
35
35
11
1
1
3
7
11
23
51
65
59
83
107
112
83
47
21
1
1
3
5
5
9
17
27
40
58
52
93
87
57
59
88
63
1
3
7
11
23
51
82
89
89
119
94
70
34
1
3
5
12
20
30
55
112
82
70
59
53
95
59
15
1
5
8
11
112
95
101
21
6
11
11
13
13
11
8
11
11
11
11
11
11
11
5
11
16
10
11
11
15
14
17
23
17
1
3
5
13
23
51
47
65
95
113
87
52
71
46
1
1
2
3
4
5
5
6
7
5
8
9
6
9
8
10
11
1
25
41
47
80
98
65
53
70
58
14
1
5
7
82
71
107
95
21
7
9
5
9
5
9
11
11
5
10
11
11
17
29
40
47
30
1
3
5
7
11
21
53
89
101
100
53
64
92
64
5
1
3
5
13
23
50
71
95
107
53
76
47
57
72
1
2
3
4
5
5
6
1
5
8
9
6
11
5
11
12
19
35
65
95
59
70
64
47
72
40
2
1
1
3
5
5
9
17
11
23
53
95
77
70
77
73
79
53
17
1
5
6
34
94
83
113
95
70
53
82
35
2
1
1
2
3
3
4
5
5
6
7
8
7
5
11
9
10
12
11
11
12
17
27
39
31
37
28
43
36
40
27
26
40
43
40
36
41
43
40
44
36
39
32
34
45
42
45
44
48
51
54
35
1
3
7
15
14
32
55
87
108
110
82
63
71
24
1
1
3
6
7
13
18
30
44
73
97
87
64
80
74
67
5
1
3
5
25
106
65
113
101
34
118
75
106
82
59
76
64
65
35
1
1
1
3
5
7
10
1
17
29
46
65
77
95
63
69
77
82
15
1
2
3
4
5
5
6
7
5
8
9
4
11
11
11
5
17
29
43
77
77
89
107
113
100
29
1
3
5
13
23
33
53
101
102
99
67
44
59
70
1
4
5
26
100
71
107
106
82
63
90
19
1
2
11
76
69
35
59
89
96
106
58
70
17
1
1
2
3
4
5
6
7
8
2
9
9
11
12
11
15
31
52
71
64
102
100
108
26
1
2
2
2
2
2
2
2
2
2
2
2
2
2
2
2
2
2
2
2
2
2
2
4
2
2
2
2
2
2
2
2
2
2
2
2
2
2
2
2
2
2
2
2
2
2
2
2
2
2
2
2
2
2
2
2
2
2
2
2
2
2
1
3
1
4
3
4
6
6
6
7
7
8
9
10
10
10
12
12
13
17
27
44
78
88
100
84
1
3
7
15
30
44
65
108
65
78
49
56
65
57
30
1
4
8
102
71
103
104
21
4
5
4
5
7
3
6
11
8
12
15
25
39
63
31
6
1
3
7
15
31
63
71
103
102
55
71
86
39
26
1
1
2
3
3
4
5
5
6
7
8
8
7
10
8
10
9
7
10
8
9
9
9
9
10
12
11
10
12
12
15
16
20
26
41
65
71
90
83
1
2
3
4
4
5
6
7
8
9
10
11
12
13
16
16
39
67
81
72
103
56
63
47
1
3
7
15
31
35
56
113
101
62
72
54
57
65
1
1
3
5
7
9
13
23
31
53
63
71
79
69
79
47
70
39
6
1
3
90
69
112
111
94
62
85
47
1
3
7
53
67
9
10
9
11
12
11
12
14
23
39
60
92
84
109
42
1
3
7
15
34
63
107
101
47
56
65
72
61
39
1
1
3
5
8
12
5
19
29
48
74
100
102
80
1
105
60
94
77
61
51
70
58
53
48
1
1
3
5
9
7
15
28
39
59
55
103
69
69
70
69
53
2
1
2
2
2
2
2
2
2
2
2
2
2
2
2
2
2
2
2
2
2
2
2
2
2
2
2
2
2
2
3
3
3
3
5
4
5
6
6
7
6
7
7
7
9
9
9
10
9
9
12
7
11
13
27
34
34
69
76
118
76
5
1
3
6
14
27
57
53
112
55
83
41
58
79
41
34
5
1
1
3
5
6
10
19
29
48
41
62
111
89
69
55
82
34
5
1
3
6
14
27
57
69
81
120
103
68
76
48
1
3
42
88
53
52
49
110
109
56
51
72
70
42
66
1
3
9
141
63
106
107
3
12
6
12
13
15
20
39
59
54
1
1
2
4
7
12
20
33
49
74
29
72
70
89
81
78
48
1
2
3
4
5
6
7
8
9
10
11
12
13
15
22
38
65
28
86
96
102
107
14
1
3
7
9
8
28
63
15
142
65
95
64
71
69
26
1
5
15
19
55
103
15
11
8
13
13
15
23
39
55
87
103
87
3
1
3
7
15
31
63
71
103
63
54
71
55
39
85
12
