3
9
14
20
30
45
69
89
77
130
138
55
1
9
8
3
20
40
80
109
114
107
90
95
7
1
10
8
2
20
40
76
105
106
108
117
72
1
1
2
4
5
11
24
46
46
77
73
94
94
101
35
1
10
7
18
29
46
66
81
98
76
98
88
5
1
10
8
18
28
16
72
76
70
83
86
85
80
46
2
1
10
10
16
36
66
44
71
88
87
102
104
41
1
10
10
16
36
72
83
65
56
93
102
80
59
1
10
10
16
36
64
112
80
76
114
112
52
1
10
10
16
44
80
87
96
103
112
104
20
1
10
10
20
32
73
85
57
93
98
103
101
1
10
10
20
40
80
89
100
102
120
104
7
1
8
10
18
36
72
88
89
97
89
91
80
4
1
10
18
33
50
96
97
96
104
112
66
1
8
10
18
36
72
87
92
98
101
110
49
1
8
10
18
36
72
88
92
102
104
112
40
1
10
26
36
63
81
89
83
80
122
88
4
1
10
10
16
36
72
90
90
101
72
100
80
5
1
10
8
18
36
72
90
94
96
127
121
10
1
10
10
16
36
72
106
78
100
104
113
37
1
10
10
16
36
72
89
96
95
103
111
44
1
10
10
27
57
103
98
105
108
112
52
1
10
10
20
40
79
91
93
100
124
112
3
1
10
10
20
40
80
90
110
80
116
120
6
1
10
8
18
36
72
89
102
104
112
128
3
1
10
10
20
40
104
115
117
103
110
53
1
10
10
16
44
88
107
108
121
125
48
5
1
10
8
18
36
72
91
96
112
104
95
39
1
18
18
36
72
88
89
94
100
112
55
1
8
10
18
36
72
91
88
94
112
112
41
1
10
10
20
40
88
99
78
78
69
85
64
41
28
56
80
86
89
88
90
92
74
1
8
10
18
36
64
66
69
42
70
88
88
96
27
1
8
10
18
36
72
72
78
86
88
94
104
16
1
10
8
18
36
72
81
86
88
103
98
82
1
18
18
36
72
80
84
88
94
103
87
2
1
10
8
18
36
72
87
88
92
107
113
51
1
8
10
18
36
72
88
89
93
36
114
112
6
1
10
8
18
36
72
87
88
99
104
103
57
1
18
18
28
32
64
90
93
97
100
112
30
1
10
10
16
36
72
35
80
96
96
111
112
8
1
8
10
18
35
65
72
90
111
112
60
101
1
10
10
16
36
62
26
84
87
100
104
111
36
1
8
10
18
36
31
57
91
93
87
96
108
47
1
8
10
18
19
25
71
83
94
90
92
68
104
1
10
10
16
36
71
86
94
54
80
104
110
8
1
10
10
20
39
73
96
94
101
106
112
21
1
10
10
16
44
74
86
89
102
103
122
26
1
10
8
18
36
72
88
91
101
112
116
30
1
10
10
20
40
80
88
94
109
125
102
4
1
10
10
20
40
80
90
94
109
109
112
8
1
18
18
36
40
104
51
