3
14
13
29
56
24
61
19
76
54
74
99
98
105
60
71
121
90
106
87
119
92
108
73
130
108
57
121
111
90
77
95
84
63
83
103
103
95
110
71
109
100
105
105
106
96
109
103
94
90
101
85
102
99
114
95
111
95
104
114
97
106
106
98
103
101
109
101
97
106
99
102
96
103
102
106
97
99
104
104
102
99
106
98
105
94
109
101
101
103
101
102
99
107
101
105
102
104
104
104
100
107
105
103
106
100
106
104
104
104
108
101
106
97
109
104
100
105
103
109
102
104
104
100
108
104
104
101
99
104
106
107
105
96
49
51
110
74
51
69
105
100
99
40
71
59
101
97
36
68
85
103
91
93
100
105
100
63
58
55
93
93
44
89
94
113
39
96
98
107
37
54
99
93
72
104
105
101
107
102
102
109
18
82
96
44
106
105
62
7
102
92
34
60
108
73
92
104
110
73
125
105
54
93
68
82
74
74
88
100
71
79
90
102
92
104
103
106
87
78
106
102
103
80
100
103
103
84
101
105
91
39
50
103
83
40
44
85
93
107
98
100
32
53
105
99
58
51
90
102
52
66
88
104
96
97
102
105
100
93
100
104
103
100
90
104
109
104
91
88
111
104
84
106
103
104
105
83
108
102
98
94
106
104
91
93
101
88
99
96
99
87
101
97
87
99
42
126
104
86
83
84
100
81
101
80
81
81
109
73
98
73
96
74
103
95
58
99
83
89
103
66
76
98
70
89
100
53
98
97
94
81
106
49
81
95
67
111
65
83
98
104
77
99
97
94
95
81
97
98
94
