2
9
39
51
29
21
64
65
38
78
60
33
72
52
1
1
34
84
75
70
78
76
63
85
74
76
67
75
73
78
79
63
77
83
73
74
78
72
73
77
72
79
71
77
73
77
74
74
74
75
73
77
74
72
76
64
84
75
75
75
74
71
73
75
76
72
78
68
84
70
73
78
77
76
74
75
75
73
72
75
76
72
78
71
71
80
74
76
71
76
76
73
74
77
73
73
76
77
65
82
71
78
74
75
74
73
75
75
74
75
76
73
74
74
76
75
72
77
73
76
70
78
74
76
73
76
72
78
72
73
75
76
72
76
76
73
75
72
71
81
75
73
72
77
76
73
75
73
75
76
76
74
75
70
77
71
77
78
73
75
71
77
71
80
71
74
77
72
75
74
75
73
78
65
83
74
64
74
75
72
75
76
71
79
74
74
72
76
75
73
74
78
73
73
77
73
61
56
75
71
51
20
38
75
70
73
69
77
77
74
72
76
72
79
74
71
74
78
76
71
76
73
78
73
74
73
75
11
74
72
74
77
76
74
67
79
75
73
78
71
74
78
18
34
75
64
46
17
58
67
76
50
51
60
66
62
60
51
58
60
71
63
38
64
65
62
62
50
64
57
54
81
51
53
64
61
61
68
60
44
73
56
61
54
72
54
73
78
75
73
74
73
77
76
73
75
75
75
72
75
74
73
77
58
65
76
74
76
57
69
61
1
1
38
83
74
75
70
44
23
76
75
75
49
37
54
74
57
71
56
44
42
81
54
58
74
57
49
54
66
58
56
46
72
59
36
46
76
73
58
45
54
76
63
64
46
54
56
78
24
61
57
46
9
69
72
51
48
79
69
44
68
54
70
67
46
68
55
67
67
48
65
57
64
59
60
60
56
64
45
70
61
66
48
70
62
68
55
73
77
74
75
76
74
77
72
75
74
77
73
76
74
76
73
75
77
74
73
75
74
73
79
74
74
72
79
73
74
78
75
71
67
62
35
4
78
76
74
76
76
66
79
76
61
88
74
75
73
77
75
75
73
74
75
74
76
73
75
74
76
71
75
73
78
72
76
75
76
73
73
75
75
75
75
76
73
70
19
51
72
77
74
75
76
75
71
69
84
68
82
69
79
73
74
76
72
76
75
64
84
74
75
76
73
75
73
73
69
81
66
81
80
65
77
76
72
74
68
58
86
60
81
97
65
16
122
61
71
74
77
71
74
75
74
77
76
70
77
77
72
67
82
69
80
75
74
74
75
76
73
76
75
71
76
75
73
76
71
78
74
75
65
84
75
72
77
72
73
75
78
74
74
74
72
75
69
81
75
76
73
74
74
76
74
74
75
75
74
77
74
73
75
75
73
74
69
69
85
74
59
29
80
73
77
71
21
76
69
73
72
51
52
75
62
76
56
55
66
73
69
78
74
76
75
70
78
74
74
75
74
76
75
71
78
75
74
74
66
82
76
76
73
74
73
76
49
9
60
74
75
49
42
73
70
79
21
37
76
75
54
38
73
75
55
59
51
77
69
58
51
63
72
54
64
64
60
67
64
58
58
73
57
60
59
65
71
56
71
59
66
65
65
67
57
73
56
70
60
67
62
63
66
60
53
62
72
72
78
76
67
82
70
47
51
80
74
53
45
70
32
81
28
74
65
84
56
45
74
74
66
59
56
72
48
9
76
67
63
54
76
66
64
63
67
65
69
57
68
65
76
53
69
62
74
55
69
59
76
60
64
60
74
63
65
62
71
59
63
70
61
59
76
59
65
65
67
56
54
1
65
72
34
32
75
77
37
40
79
76
14
68
81
77
49
62
70
74
66
68
51
70
74
71
67
49
70
73
76
62
49
71
73
70
69
48
74
70
74
62
75
46
66
83
71
63
47
76
66
77
62
48
74
73
75
58
49
73
71
76
46
74
65
76
45
58
61
77
81
91
75
77
71
79
71
72
77
77
77
72
76
73
76
74
76
72
75
76
73
74
75
75
75
74
73
76
75
74
74
75
75
71
71
73
74
76
73
74
77
73
75
74
73
76
73
75
77
69
79
72
75
70
24
52
1
31
66
78
74
77
77
75
68
61
41
73
76
75
73
76
72
75
75
77
69
76
73
76
79
71
78
74
73
74
75
75
74
77
72
74
78
72
75
75
75
73
74
77
73
75
74
74
74
75
75
74
77
74
72
77
75
73
74
76
60
87
76
75
72
77
73
66
86
71
75
75
77
71
76
73
73
77
78
72
76
73
74
75
77
73
74
73
77
69
73
81
73
77
67
63
88
76
77
75
75
74
72
77
75
31
74
75
71
60
48
52
68
77
42
47
87
72
30
78
72
74
63
65
50
75
75
69
73
74
75
74
75
62
82
70
17
74
74
69
74
80
77
74
77
76
69
76
39
107
6
61
85
70
33
76
76
67
70
36
68
80
75
75
45
59
75
73
70
75
32
76
74
71
76
27
75
78
72
72
50
58
72
69
62
74
48
77
64
72
66
72
52
74
61
72
67
53
71
77
59
65
75
51
75
58
77
61
52
73
61
71
62
