10
8
7
12
8
10
8
5
13
8
12
15
14
17
5
13
16
29
44
69
84
85
56
74
75
64
61
58
61
30
48
57
59
65
63
55
62
66
56
67
65
56
64
62
60
68
65
63
60
69
68
66
66
64
62
61
57
70
68
64
70
68
61
72
72
67
66
73
70
70
69
49
74
74
75
67
69
68
60
76
61
76
75
67
74
83
55
83
99
103
101
102
127
126
131
122
131
127
126
126
131
115
137
126
128
127
128
127
105
150
125
127
124
131
126
132
125
125
118
139
115
23
60
119
82
24
107
12
4
7
10
17
32
50
62
74
127
127
127
120
131
117
139
38
1
2
3
5
7
10
14
25
21
26
28
21
34
64
76
115
69
64
111
94
96
126
103
23
1
2
3
4
6
11
16
5
16
13
23
25
18
24
39
39
66
57
80
64
61
59
57
56
54
54
54
60
59
64
59
50
60
60
59
60
60
55
49
62
57
17
22
36
60
25
60
44
62
52
59
52
59
56
55
60
20
1
2
3
5
8
9
15
10
1
12
13
14
23
47
53
68
78
85
85
95
124
113
120
87
73
1
2
1
2
4
7
7
9
7
9
13
24
29
20
31
56
93
122
124
128
125
129
125
130
15
1
2
3
1
4
9
15
23
27
61
41
36
40
90
81
141
79
135
82
139
125
43
1
2
3
5
5
6
6
9
14
11
19
14
7
16
22
25
34
15
62
54
53
37
36
37
41
45
35
46
47
48
22
42
45
40
46
40
46
40
41
39
48
39
16
29
47
51
49
50
49
21
42
51
51
47
35
50
44
52
47
52
51
49
48
51
54
24
43
51
48
55
46
51
52
58
56
61
69
77
92
100
116
117
121
134
123
133
7
1
2
3
5
7
14
22
27
25
40
46
58
103
125
25
20
30
60
98
97
126
125
96
1
2
3
5
7
6
5
8
7
8
11
16
25
43
69
78
128
125
122
138
128
122
113
47
1
2
3
5
9
13
10
17
17
22
35
35
29
40
67
87
128
125
118
91
63
60
37
76
1
2
3
6
7
5
9
18
18
15
13
15
17
19
34
53
47
72
85
103
112
33
37
28
86
105
121
119
135
118
69
1
2
3
6
8
14
20
32
56
64
98
122
71
63
47
89
117
41
54
7
4
4
4
5
4
6
6
6
6
7
7
7
7
9
7
9
7
7
10
8
11
9
10
11
8
9
10
8
13
14
16
19
23
30
32
41
53
56
63
47
65
81
68
121
95
140
82
79
129
127
124
129
126
31
84
93
41
42
72
111
31
1
71
81
74
64
52
51
15
2
65
65
37
59
61
65
29
68
58
47
56
67
63
61
12
33
55
50
70
69
71
37
30
