3
29
68
74
44
89
140
145
142
145
146
102
123
148
120
150
145
135
137
131
146
134
147
133
151
141
139
126
149
134
145
131
142
146
148
137
136
141
135
134
147
139
133
130
140
146
134
118
152
148
132
145
144
135
140
142
115
135
136
103
150
67
50
156
136
114
126
127
144
145
132
147
128
135
149
140
146
146
141
125
146
5
143
145
139
139
145
138
139
142
149
128
149
140
108
150
129
146
146
129
135
132
144
122
143
144
146
128
149
132
120
140
145
126
126
144
115
148
127
149
135
105
136
130
98
69
122
110
27
65
98
33
45
90
31
118
77
82
102
100
116
108
135
135
142
132
142
141
126
148
147
140
126
147
143
131
141
132
143
134
133
130
116
134
152
145
68
28
149
143
145
95
127
142
141
130
129
158
130
142
133
125
142
148
124
123
17
158
116
144
110
143
143
132
151
111
142
142
119
145
133
131
147
132
128
137
57
76
120
111
104
145
135
85
148
117
139
141
138
139
132
140
141
133
151
138
113
123
142
128
128
141
133
138
143
146
146
142
147
145
135
138
146
140
135
114
134
146
146
135
140
112
143
131
134
128
140
130
140
46
117
130
130
121
104
137
91
134
111
126
128
65
138
134
128
123
121
128
123
135
150
139
143
133
147
130
136
144
136
142
149
117
146
134
135
146
128
143
147
135
138
140
146
140
145
136
129
143
144
112
156
102
132
134
140
149
146
144
104
139
127
130
147
120
145
145
138
147
126
26
150
128
110
137
133
105
152
128
143
130
145
80
85
142
135
140
140
140
130
143
146
55
35
65
56
47
93
82
118
109
82
105
136
96
147
134
118
149
156
138
140
141
120
146
126
159
141
135
147
133
143
128
142
147
148
136
146
134
132
137
129
120
142
93
131
127
149
145
128
143
131
141
141
144
131
130
129
126
148
123
120
