40
55
72
61
26
91
22
106
95
122
140
107
132
129
92
133
92
29
141
130
104
154
125
130
94
107
127
107
136
98
140
31
163
110
137
115
43
117
92
115
104
149
127
116
122
126
136
133
132
128
138
124
137
144
125
141
150
140
123
134
151
136
126
142
134
145
134
111
139
128
147
124
148
142
152
134
152
141
140
141
143
148
124
132
142
151
149
129
147
144
136
143
136
162
143
132
153
143
143
141
147
136
138
160
106
162
112
139
131
113
149
129
9
157
133
145
115
146
156
130
152
148
134
156
143
133
139
152
139
148
153
144
149
142
145
140
152
143
116
125
40
148
131
143
150
145
152
149
141
155
127
131
151
142
141
147
138
155
149
131
144
152
150
143
135
147
143
153
114
144
140
144
126
142
148
129
140
146
144
155
92
144
151
146
149
139
158
142
136
140
133
143
147
126
61
56
56
49
101
91
31
115
95
139
145
142
147
136
159
134
145
142
96
134
150
149
151
147
138
155
144
138
102
89
112
154
136
145
154
144
123
141
136
39
55
90
143
6
156
127
121
126
146
33
60
143
34
138
128
154
115
154
147
132
89
152
96
98
136
148
150
130
143
150
113
142
110
123
84
139
126
152
139
153
127
130
118
116
110
60
43
153
125
143
131
154
142
148
146
151
141
143
153
145
149
157
143
141
152
146
145
153
141
138
154
148
152
140
146
151
144
121
107
150
152
146
147
138
144
146
156
147
126
140
142
155
135
122
151
95
149
154
152
146
142
109
146
92
159
138
148
144
152
125
152
147
155
125
156
141
123
151
140
154
144
142
154
77
118
137
156
145
99
102
55
132
145
146
127
125
153
145
143
150
150
145
121
155
134
154
126
172
56
163
142
150
111
128
127
97
150
139
140
114
175
75
124
87
143
142
137
140
148
146
149
153
88
111
122
26
111
81
34
82
144
152
123
142
156
133
144
153
114
141
154
145
144
147
141
130
93
147
153
150
143
113
169
107
148
144
94
148
148
70
155
87
148
109
153
148
105
156
142
134
122
154
140
122
111
154
151
130
157
117
156
141
147
137
146
154
148
141
82
152
134
147
150
146
149
146
148
149
125
158
137
134
141
129
152
135
148
136
